2897127949
1898352222
2246589718
16552921
2923082724
2923138141
2923117844
125277057
2923118390
2923077654
2923116806
2923134805
2911389467
2879897816
2923071438
2923074816
2923131211
2923129231
2921737033
2923128061
2923073700
2911352379
2923110452
2923126327
1550936695
2923068462
2923069530
2923124335
2911380124
2923061316
2923102478
2923120951
2458505599
2923118869
2923119085
2923118089
1213293126
2923097198
2923114459
2923057326
122735130
2923054650
2923106863
2595426067
282431714
2923102675
210203455
2923084316
2923041450
527122567
2923032720
2671084368
2801567058
2923023174
2923063154
2923061030
2923060316
2923054688
2923054664
2879856570
2911288414
2923004256
2923015122
2911244063
2582821480
2384171180
2923056427
163227721
2922990750
2923020938
2923032049
884528162
2922976650
1578486266
2922966996
518555306
802503272
2923017529
2922951888
2911211914
2922941328
2923002031
2787026658
2922996427
2922977588
2922937914
2911106913
1564730946
2751944659
2920635218
2922896448
139196366
2922905820
2922934160
2911130860
2922922340
2400393920
2922007490
450975924
2335773086
2911116796
505679028
2922903373
2910935181
2873905293
2167901880
2922817926
2922873073
2568718826
2922809094
137196451
2922809118
1077041209
2917901856
2922855805
2668636122
2922790530
2910445784
442956656
2922778566
2922770365
2922808502
49596503
2922804596
2910994477
2922792068
2922790784
2922747480
2922798271
19552119
2922793627
2922774626
2726478544
578416780
2922761288
2922724446
22321988
308574262
2913205880
181293187
2922739004
2906907640
2921387132
2910921904
377889149
2910819021
2600245306
215200446
472842407
354969900
2910901546
2910871553
2922714338
2922706712
1515946657
1017355561
2910795621
2910877198
2910810495
2922660362
2922687590
2682907842
2922684194
2922680624
164489391
18316017
2922673778
1452485894
421090539
2922681751
2922614862
2602095576
2922615024
2922612354
1676750389
2922633398
1327419391
61624472
2922632558
2922592968
2910806752
2922625448
2922643813
2922634369
2909880767
2909385459
2922611534
2922571926
2922608384
2922623377
524718760
2910743207
2910626397
2922592651
106383370
1743878389
246457928
2922503106
2922555025
2922549811
2922533336
889307576
2910145805
2922527174
2721898680
162783441
2909369200
2922517898
2910665344
2922525631
2922462030
2922520051
2874007983
2922511045
27897429
2788785713
2165925804
2880380428
2910608915
2922490771
147658374
2922488287
2910585437
2922461252
292044640
2922459289
111225697
2250068736
2922397326
2922450475
548514158
1072203716
2922433969
549350692
2918252736
2905520777
2922408656
2334083706
2922394844
373195021
2886252688
2922401161
2339368485
2892515581
2461954286
2897148384
2922325416
2353493137
2922375829
2910489478
2910457001
2820408919
2850045044
244276155
2922359245
2922354961
1071668125
2779825860
2413877557
2687895048
2922323125
945887672
1320775963
2922308821
1318470895
618572379
2910323679
93341685
51626272
1717201566
486239612
2922181812
305178079
2922177498
290257333
1021226202
35927225
33918928
247244259
2922195812
2896020517
200796416
2910210065
2922207163
2851964090
2892255990
2922166604
2922128232
2922184159
759988172
2922125184
2910109239
276322432
361961019
2922162608
1738908799
41055892
2922021306
38132923
2922162439
1369045110
2806419569
1268037780
2922156457
1618276459
2922087114
2910032471
2910036239
2922122372
2873696094
541354761
2910013835
2922126685
2922069732
130437916
117762972
2922122893
2908158083
2909957525
2922111877
2921557338
2237488693
722858395
2844807896
2539567232
2846142730
2922038718
2909860175
2922071906
2922088321
2922088081
109341371
164821251
245498827
2909863253
2922062474
1239282602
2922024756
72571330
26190568
965739048
2354147166
587471499
2905157367
2909848426
2922045710
36963111
2537284675
2909676237
2922041672
2858383894
2921993022
49023105
2909821804
214990283
2922027188
2469320816
2602087994
105359305
2922020276
2272271239
2921977908
2865540781
246683190
143290206
2921973516
705760447
2909716325
324344329
109291869
2922026053
1081191727
1158399390
2922018709
2921930810
2922017713
2921137376
2921335483
322032724
2921954400
393257551
2853238796
2921952888
2921952546
67610988
2921951736
2922006103
2922004861
2346649900
2909624997
71590658
2740232174
345947314
2516860780
342864030
2921933778
472038624
2915232528
2798922616
2921594658
2781839369
2921927688
2907412139
2921983777
2921978557
50272996
2921950177
96907148
2786857361
2921948936
2921914717
408513849
2876866338
2475189744
2909497174
2909477567
136372653
2921949295
243195643
1976576096
724538143
2921939761
2912084401
1042952226
2921913914
2909517712
2921926939
414128153
445645170
2921906300
2915962813
139264159
2921859090
2921898068
2921910631
185808376
1561397936
2921911909
2914153196
2456202792
2907786948
2909339523
2909526742
214903670
206261389
2921901625
2921899801
1043702233
1000203744
45612347
276220230
2649813685
1029014521
43334517
2873475020
2921861774
935223739
2921858096
21413545
1187729448
345770929
2921781528
2921866963
78576565
729528944
396661460
2377651478
2921855221
784628138
2921796342
2921792988
351633864
510289540
1364115312
2921838295
2884962826
2921835715
2921774094
18482393
2921764206
2273693724
2909339853
2921753802
2921794856
2921790224
2302830966
2921787932
2921804071
2908707783
2921799013
2299740855
2909322761
2881779386
277022875
557133695
587288245
2921710356
2921687652
2880364274
345098678
2921733014
2909263083
2881099363
2909262911
860162197
1282061718
2921518226
2921663676
2921692261
138646795
2921692646
2921685110
2921694511
486649212
2921639754
2921668436
871823005
2921685223
2921628444
432401554
2921674729
150653087
271725110
2909168163
2921594118
2920747232
2907538815
34669473
2921646979
309924415
2464346790
55491299
2920712990
2921572044
2901005205
1581675246
2909165056
2523768071
2908959141
2717413038
2909117859
1382737861
19700690
2921605411
2902960544
616293371
2921588161
2921532678
551379243
2921553740
2914541478
1893414822
2921498292
2921502810
2550957050
2921522839
299462160
2921512274
2907807622
2921522389
2921466522
2921501426
808647426
2921459496
2921451732
2920944366
62520829
109812483
2892676150
2921463680
2921429256
2921424108
2921462300
2921469313
2921468329
2921403726
2921436554
2916500756
2921447407
2382133800
29260304
257894168
1422477830
1630457016
2539572149
386223112
2900769888
1400842579
68064189
2921410525
2460561010
2921343072
2921327820
2921361170
2921358386
26498317
68311137
2908855769
2908883704
636458479
2908843301
2661219481
2915395849
2921302154
2921299598
1667685030
2339425751
2921234772
2921271074
2201496759
2777923179
2537736301
126598418
2921229468
2563929401
2906177000
2908794142
2921244734
14885791
2921231348
303777661
2921188662
2374349806
71323290
191852993
2677650626
2191523714
2749494651
1077876674
516881774
2908657451
1958649812
2921171383
2771340537
26511365
1629384234
2815694090
832828044
2908628836
2847663047
2908542965
2401750663
2921109236
2871401059
2908360361
349311304
253894713
246771200
2908492557
2921106319
2906666890
2921086898
2612842870
2921078966
1005624114
2908478265
2921070080
520690424
1667540424
2429561160
2425618125
46311004
2839414829
549613134
2350637833
2908437911
2921010312
486737662
2918345616
192185981
729254250
1884522344
2920988184
2920993368
752777474
2920988910
2907212217
2879795146
2920996093
34796716
301083551
2921020274
2920979976
2921032687
2920967376
2912046578
2784624492
394186308
2921017381
2921007146
1968321896
2921005598
2921004728
2921003864
2921015623
1020231565
2897284280
1591424294
1184037019
2921007829
48145347
957808771
1448056416
2862814481
2920981952
1904239598
2920941390
2920989931
2920994845
461668939
2920976186
2920991197
2487074308
1171545703
316711678
2920965890
156824622
63725691
2908162281
2908212760
2920916340
2920955654
2920915488
437424090
2310431809
2920907790
2908090709
2920954507
2920942958
2920940954
2693013240
2920895730
2297661371
2920894296
2920951669
2920930508
2905233003
2908148536
2920888008
1623525174
1360927818
109552843
2914558675
2920914638
2920916474
2920930429
489383219
2920872210
2539471743
2920868724
1585309700
2908051793
2920894592
2920909735
2915861688
1179939740
2894196150
480779081
2920884578
2920826724
2903530396
78497557
2908270224
2920823430
303368152
2920880713
2920852748
2920811388
2920857427
2920777908
25604055
2907960088
150416025
119477193
2920824830
2920854481
2920795638
2920553732
2920793742
2920849129
2920792110
2920849225
2920819819
2920800901
2920837957
2920839085
2175001847
2879201941
2920813016
2920812074
2442185509
2431079203
2920819849
2920815121
2920814749
128678569
2920810249
317454141
2920799827
2920796671
1596223609
2920730748
2920768963
2920753280
2920745450
2920748743
2920700886
1895746874
2920686984
2920745179
2899949068
2907774729
2920733887
2920670922
2920672314
352470944
2920724935
1201075964
2902654974
2907816538
2920703528
2903326713
2920657842
2907809374
2920495141
2920707271
2920686914
2920646508
2920698991
2920696285
2920639488
2907653441
2920627340
2291310978
62231391
2920687207
2920687315
2920662860
2920659458
2910221437
2920604220
2918883924
2609272776
2842242931
2920529582
400028573
2920648687
1375351411
2920625348
2920585536
2920610804
2835374085
771397424
2920624201
2920561680
2920553676
2920588820
2920588400
2920595731
2920603783
2902901952
201027152
176193315
2920528902
2920584025
1516119998
2920517556
2920552525
2920558669
2920517424
2920516050
2915135557
2920550738
2572676220
153158062
2907587123
2920487250
2880102133
2920472262
2920538647
2920527079
2920504550
2920462122
2920510471
1530869246
2920511941
2907517887
2920508185
2920436202
2920471094
2920484467
2173817339
2920484557
2355214331
2920473055
2303410014
2905672928
2920442288
2920459117
2919156776
115187536
2920424306
2907390681
2916698478
2920406774
2920397564
2917247041
60826395
2920393880
25859543
2907465214
2159166564
2814411487
2920340682
2920331364
57993609
2906156397
2905793543
1355076163
2920301624
2398806146
2920299134
2920315207
2920307785
2920246998
2920245600
2920299991
48643587
2905418349
2920218702
2920215876
2571481736
2383194800
2850531166
280688221
2920225790
162123364
830529900
18458066
2839066530
47701998
2907234767
2839260856
2896509721
1362506731
796663915
2883273316
1414784358
2907118247
2194411697
2907089067
2920100072
2920087904
2907120874
2892307007
2906560205
2904650847
2920036362
1393702688
2920063292
168337749
2920021380
2920015416
2920052408
741811410
2899113641
2920068547
2229306218
1611867937
1334965165
2906971383
2920050619
620850957
2919989838
1854021955
2919984366
219496700
747847856
2906976538
2919977316
2895066089
2851303451
2919969174
2920009466
2919969198
2902428875
2906950870
2708483648
2273656406
2919995732
2320247671
2919955434
2786886222
284629103
2478508956
2919990476
2451441539
2919985076
48740343
1873980554
2919948858
2919947424
2919981038
544481236
2919940932
2591100987
114409219
2432974538
2919987397
2716080046
2919935678
2919964550
916089890
603345140
2919979153
2919979099
2914866444
2919919584
2907297979
2546578442
433685317
2568938472
2919911454
2919952028
2919968599
430005802
2906785054
2919907944
2919908244
2919906024
2906756207
2822643869
2906675633
2727702640
1382450964
2919942500
2919958303
2906754292
2919958159
2180579047
2884586824
837273409
2919946381
2288860450
2919883896
2919882198
36898668
2775405388
2905592994
2919877686
2891603032
2919920365
773877294
2919859602
40484646
2836812741
2919891044
2919877784
2919906469
2919907519
2906607437
2906607569
2919840468
2535140288
2896943219
2305536224
47821034
2919830394
2899930620
2919866708
2919592248
2919857366
2919858044
2919857576
535820848
2895031645
1232141894
2919867985
28323417
2919850226
2919801108
2919857557
2919791448
1255565490
2898924581
2919785988
2906540980
2906487449
174220336
2919809678
2919773358
2919808346
2919763836
2906484263
1579551637
301012131
2919809005
2919804877
2919808993
912246763
2896493249
2903616016
2919764990
2919729360
361918974
2919729510
2906398013
473089499
2919723288
2904019192
139161648
2540457805
2919713316
42166634
2787610854
2906401785
2906402121
2919738661
2729741366
2919682476
2919737995
2919671136
2919726241
2919092616
2919667842
2919700946
2905142734
2919462012
2865721607
2919692570
72848551
2476132434
2919645858
2919680174
2919699163
2906348937
2906374367
2855504921
2919671606
2467984875
2919664538
2906329911
2919660458
1687834778
2919674809
2919665365
2848531050
2900661194
62588256
2917722918
2919656461
2906315597
2500093295
2906363032
2919590928
2919487056
2919580518
2919619880
2919616328
904372548
2919612668
2919631027
2919582704
480973852
2919630643
2919573282
2919567048
2919628285
2919627865
2292381120
2919605726
2906301017
468264657
2889173219
2865243686
2919612511
2919608329
2919550644
2574969234
2906222613
1033342028
2919527982
48698014
2469812298
2917857264
2919519498
2919558710
19864682
50249942
2919573979
2919571831
73406941
2906197335
1725187225
2899696532
2919503880
2906242559
2904324278
2897860550
2906238803
16722769
2919553309
2919495036
2919530276
2919477564
2919522470
2906193135
2889610849
2906249068
2905259555
2915967511
2919517021
2919453648
2882366934
2918067246
2919484700
2903673641
2919493927
2911055527
2919490903
2904278155
2906145849
2919424434
1617156570
2362285024
2919461426
2919457502
2903272073
2919416178
18869940
29462732
2917872457
1871025494
406172348
2914778306
340489835
2855328487
165300749
62028644
2919406532
2893852515
2919360246
2814116371
2919392756
24372592
284402503
2915397372
27675945
147713199
2919348996
2877910369
1655461290
2919376790
2483032704
2479052472
1445581466
2919322266
2906078267
2919353102
2919352316
2913976254
374172522
2600894286
2474254472
2919344606
2906015085
2919213852
2919307856
2525479396
2432994218
2919328898
2919326108
2919267049
2919323618
2802335136
2733644733
2897261520
2482672256
2874633231
2802412442
2918930323
2919310285
269493060
2548502935
2185555584
2919266299
2918945640
2905985981
2599176002
621536442
2881986516
1713723559
23591474
15572641
2919230882
2863337311
158162219
2919173190
1928928985
2905890340
130546600
2919206156
2769650597
386485633
613608282
2167043846
2906382661
48497200
48985393
23593643
2827553403
1697828760
2905861839
2212832380
2919115092
871856114
2905905208
50106572
2919149204
58344438
2919146810
317315163
118899230
2646121844
2861609764
2603063286
2919116665
2919102446
27193840
1365815971
2919048252
2919044738
2919037512
1533108091
2883281852
1463365146
593703568
2919035280
1879283563
2919079573
2245290780
2905748038
1086204601
19358375
2919048080
2919046418
2919044834
2904327093
2268716628
2419698596
2918994384
2732417550
2905734364
2499958220
2919019646
2919036883
2919010598
2918971200
17645400
333245424
1628571559
2670810025
555035695
2919004130
2847402761
1643251632
57651625
2919000260
2918959944
611603537
432922434
2918973409
521933818
2205378862
2666619636
2918949438
2330923868
2919002803
2919003145
2919001201
2919001555
2918943336
2918979452
882597530
1014348998
242092940
212357494
2760499689
2918975594
2913974084
1941413930
2918971742
2918932794
2918968532
1454906808
2905532511
2905413855
2905555241
2466547362
2903099686
482639961
2772925697
2918973727
513473238
2918911164
23956390
152853882
2905481651
706798575
2918888550
42091245
2918898438
2918936048
2905424019
2918944183
2918953207
465725824
929419056
2156025818
2918933714
2918893506
2539721420
2364676252
2906613338
2918946751
1965877472
2918946199
2783180225
2918921264
2745365997
2918880138
2905430920
2918931841
2905186924
2918930725
2918923681
513527123
2918864778
2902331247
181250989
2918904134
88188380
2905307103
2596051556
2822226866
2905344989
720989312
2918854242
2905340135
2918890574
37078503
441037193
220033194
2610351710
39098697
2905341617
2918845836
2890774019
120868608
2918897365
2905313584
2918886727
2914866961
2918885737
2905262619
24402792
1427686794
2918872585
2918816268
2749780849
499092853
209577616
2905284509
2918802834
1675242648
2918171934
2918849929
2918794194
2689216309
2905261625
2918784036
2918835205
2918773812
28768851
2918607193
2904487662
2918797742
253820985
2918756148
2918755944
1255621518
606751543
2918803663
2918758256
2904608387
2867994657
2918777353
2918718264
945165824
254654099
369300592
2918710116
2871815529
43212396
2905147547
2903882249
2918724506
2918685054
2918731537
2841938687
178563267
32475192
2918708336
2796386420
1971754879
76584326
2904491693
2505210444
2918648868
2177595279
2916915056
2918696329
302889217
2918667662
2918667638
2905109716
2918658134
112818065
2902568019
898840224
2902197670
2358067381
2904435563
2918590176
2918618708
2161721822
2905067044
2918576298
2918613128
2918632951
2918610182
2918604002
2918564196
1689039540
2918555418
2893119736
2905001015
2581908239
2918575532
2918492586
2918532522
2869152046
1449620167
2918525580
2918574529
2918519538
2918570923
2848142135
390408134
2918512920
2905005706
2918549480
2904599122
570755339
2918554999
2918496768
2918546371
555807956
595678234
351739778
2918456934
2810110479
2918473694
374499841
2918478385
2903924973
2918389308
2918456024
2811398926
2918449730
2918439794
2918438659
2918448985
2589444558
1322860278
2918433745
2904820845
2904868859
2694613136
2886960004
2918355162
717728211
2865910796
2918344068
2886825825
2904844336
2918335488
2918323368
2791357261
2918319660
2912719278
2918370229
74747986
261427643
27541580
359987427
761188896
2918299644
613074720
2456511325
1554560340
2573631913
527856842
2918324815
2918319709
2536112278
392293979
2902546835
2918277620
2904798718
2900946001
2473050204
433949477
2904713577
601423840
2904024235
2918271524
2918223594
2478110833
1462030039
1719440978
2918267599
2918258875
1547975946
1584686402
2918233280
579689888
2904747766
460235788
2904679803
209983683
2865002254
2904738460
1460957467
2918211650
1668287665
2918218081
2904694829
2904686963
420981123
2904655155
2904660357
2850412199
232490907
2917522440
1026118033
2894117109
187503332
2903553933
2251411867
2787202493
31030663
38303304
1721667828
2904417802
45985591
391809761
1267261400
2868830912
454200252
256057007
2244878609
15498913
2904632146
270292463
1686020359
2904560469
1641166711
127655703
2918094686
2904581410
2902587413
2918109019
379486032
434383124
97276484
2918070170
2918068430
2918017034
2918083231
1718097349
20454203
2904530362
237860849
2918005296
2918059693
782301354
736175502
1191477085
37634212
2918020568
2904482626
509122142
2904412371
278264929
2913887714
128024542
267128108
2918031289
773057844
64283529
24621370
336004047
2918001602
2746159550
2918000192
25464494
2918016439
2918015071
2846999039
321730195
2904272697
2432724832
60387830
2904351047
22115384
1629787182
2917947678
295571551
2917942794
2917995673
2830158993
470295318
2917977194
2917972310
2903846674
2917933638
2917966022
2874513147
450909380
1334849514
2917965608
2888695255
2917924740
44497430
2577030997
1522430568
2904302213
2917978417
2899268370
17849185
2917954712
2917972249
2917970965
2917966285
2917947050
2917961119
2895384464
2917903530
2917902108
2836966878
22751699
2917953463
2917894278
35227571
2415218713
409707978
2917951153
2917893162
2917895424
2591044254
2904249310
2908449924
25031205
2749266563
2904089981
2917889532
2917889166
2917860739
2917887894
291729565
2917941973
2917922420
2405025343
170859366
2917939351
2917936183
2463731138
2903212222
186600303
2917930309
65543799
177702567
232161889
2917925671
2917913347
99543839
2917914421
2917856028
2917891520
2917848708
2513691787
2917843626
2917883138
2777486854
2917839588
2903115839
2904075713
2902490182
2917877263
2917852988
2902881448
90458423
2903966553
2917866199
2900683895
2296822814
1056969415
2916615739
2917853539
19782881
2917826996
2903448005
2917822988
26473389
2915958584
2626946039
198785225
328866040
1232015540
2903925489
2917821967
2916797947
1380051031
470735354
2910215780
2917817035
2917816291
2917813915
2724501098
53607636
2917799701
392102193
2917739058
49407423
2917774016
14108511
2917766102
2903873823
2917756214
2915424553
2917775497
621265079
2790253331
16507367
231284250
78855355
2917751851
1249535394
2916943279
2641954443
2917729748
2915920358
2917727162
29192048
2917722230
2365730898
2903883826
2917662396
2903751987
2707230315
94094962
2896416743
265961308
2917705561
2915952032
249821233
2917698703
2917696795
2917677727
2917695037
2917670870
2246630275
2783508737
13255202
2917674001
2912118084
232123139
2917662079
2902932376
2916855552
2917656883
25711755
2903759003
2917587558
2917631972
2917589628
2917588722
101533182
2903738141
2917614452
2917627879
2917442569
2917619665
1012729195
2917608241
200222230
2917576916
44575041
2917537026
277543297
1866289645
2916764641
2917586071
2917524846
2916825212
1385828652
2917571251
394176845
2917498722
2915566668
2917529834
2917474734
2878267243
2515872680
2917496077
757050912
242705063
2917486525
2917466600
2917414824
2386596448
2448882476
2895001766
2903579956
27602090
2917388298
535706156
2917421678
2917368234
2447647992
2917417189
1328453880
2912781727
2902019027
66464738
2903453037
2917378112
2369174292
2917388647
2917379185
226880356
2894527026
2917296216
2917350848
2917350247
2903478178
2917318988
39747421
2917309928
2227982550
2917318957
2864137834
2895993143
415919459
228155608
2917287019
2917265366
2917217970
2903316747
2903338247
2903391862
2917240358
2917199448
2848152482
2917172082
2903314499
1183691617
371501364
2917202827
2917119660
2901757749
2893282201
2891366355
2903140972
2917133460
2281456777
90584040
2366128683
2903202215
106827717
2727569439
2917097448
715200770
2880441994
2917071726
125371611
2903153715
187717404
2902398633
2316462018
2903142885
2727510167
19623677
2912129604
2522385430
518296835
2917067785
1261398762
2917022558
1223286260
394859520
2508238230
849126716
2916925548
2266356764
2901339179
2469648354
293584726
1515960666
2878633708
2357843531
2916950420
2916937160
2912231646
303423407
2916939524
2916889878
287249195
92735920
2872705961
2901249621
2400042322
2916896832
2916953521
2903032678
226518698
2916935006
2882603854
2916889776
2901221193
2474341576
2916936817
110494795
2773497412
2495551876
2916884538
2916924566
2916924680
537111240
2916883944
2916940903
2916921956
2916922592
216408401
50844339
151230388
2916873132
2902918683
2894947294
2902910451
2902909845
2916872970
2902746539
2902867509
267160292
2902894445
2902861719
974482740
2902904470
2902862627
2198647474
2915967079
518413607
2916920821
2916903686
2902114287
2439731642
2902776987
2902827185
2876748511
2916903740
2478131874
2916903860
2902811723
2916864282
282676536
2902829584
2915901140
2902791509
2916862242
2392245538
1393026522
90307484
219623206
2902719893
2902721061
2900063135
2916898874
2916905815
2916858840
2916913711
2311184700
2869477213
2897695851
407706106
2916903799
2916891572
2732631773
2916845472
29476746
2916861523
2916844926
35601231
181286642
2902638904
2914795142
2916869798
2916870548
2916866732
2916884443
28089326
2916863912
2874653640
85366819
415642983
2916822786
2916861482
2902603839
2916822792
2916821460
456019657
29311599
2916872197
2902589949
437610881
2886610433
925619305
376819084
2916864091
2916858235
2739762314
2916843566
2916837026
2916840620
2838331912
50606653
2858769369
2916855001
2916793896
2913921594
2902571105
2675554446
2916838699
2902562435
2796050355
2902560395
2902526529
2916824036
2916780834
421304717
2916782184
2916818336
1426846514
2916816422
2916816266
22939843
2916772986
2902520921
913683613
906803222
2902488639
2916669926
2916815593
2916754920
2474094044
2916750300
2916749148
447163501
2911966405
352480530
2916739302
2892147630
15133042
2916772010
2916730344
2902504780
257868012
2916765212
2916758342
2916779455
2916720420
2449356254
2916749504
2198558085
399186993
2916694980
2916753871
255729986
2916752359
2916747679
1132401872
2902409423
1519314792
2841281140
1856587926
24881407
2916652860
2916659184
2916694316
2916692150
2649206413
2916686378
2902383622
2916626810
2895597857
592765497
2752203145
2753324809
2916688141
2916685963
1241984053
102513914
2896719207
2916617844
2916668893
2902363006
2916608532
140060120
2915958758
86754246
2916627650
2902297643
1138110445
2916582576
2916590893
2916593012
908230988
2902275329
2916598652
493292759
2916617989
873656288
2916594308
2916546900
2916593006
2916608959
15530975
48007578
632891044
2916566120
2907023984
2916561020
2467909955
2916554864
2916567289
2916550622
2902190523
1066775760
2338856562
2916560791
2849884499
2916539984
2916492912
2916547807
1313226392
2916548959
2894964196
2916545431
2916489108
2916477234
2916513224
2916525451
2916504014
2916124340
1734536233
2916489578
2916501505
2916494845
2916437574
42022540
2916471260
2882634973
160691111
2916414668
2902089645
2916456140
1018382996
2916470047
2916469015
2731816359
986657869
2916434948
2882288477
2916435469
2916419264
2536106342
2916290172
2916420655
2728904810
2518006868
2914684868
2875794962
2875736790
1542057932
2902054631
39026316
2916369692
1950690278
2805457386
493410880
2351339491
2916280698
2901962121
2902022332
65844649
2382055724
2916302492
2916290750
2840977666
2901963893
69032114
1167120931
237792794
370925175
512346266
2916287533
2916278635
2916272341
47853561
2916271213
2327649980
422193155
304434198
350487895
2916234055
2916216932
2916231733
357249208
2914823904
273093657
808942902
2259291457
153776534
2901848471
2800262412
2879275800
311265104
18697419
102066549
31104434
72339111
134635830
2882249105
2868052798
2915091283
235844425
21349717
1931930420
2901631857
2916016153
2916029305
2833727271
2324814961
2915148877
2915250554
2892441725
187666724
95965098
2816280297
2901227085
2883443805
2757584468
281606929
25692368
2836299175
1356559080
2901448565
115864996
2916029995
2915883894
89597060
2915173675
49187290
2891048219
207834212
2850889660
291858718
2915973859
22012389
2916009655
2901248747
2915950350
2901302991
2915984864
2901063413
2582349242
321249517
2818663590
2821606716
2892871061
2915990419
2915991091
2756260520
2915963498
703515297
2900420201
2915923194
2915979445
2915978665
2915961878
1125761755
2901246377
2915965339
224031036
2810333243
2915953820
369750534
2915969713
2847142311
16594477
2901179369
268559845
2915937158
2915898426
2843959883
2915931608
390990461
2915890446
17629534
2915135328
2901111267
2901159568
2915939461
2901024255
1553611669
2915920682
2821217835
2901128818
2915876244
2915874774
2915929423
2915910680
2900728203
2714857460
2915908430
2915461856
2915906342
2915904116
2910322009
2900313213
2915666516
2915921479
2915907583
2915900228
2901035615
2363109610
2915895122
809921346
890076216
2915901247
2901011374
23445116
274575623
104667778
2915842698
2915874950
450553767
2915891911
2915831658
2900940563
2759002389
2915869796
2915867096
2915646462
2697192534
57030724
2836985757
2915859398
2900937382
2915857142
2915859038
98723479
2915845099
2915798318
2878048399
2842730194
2900898088
2915860525
2915855101
2915854033
1413122856
1644198721
2915828768
2915846509
2915841457
2915841949
2915782974
2915777040
2915030154
2915773506
2856964575
2881615613
2915770368
2915823703
2417535510
2900235087
2723887691
2880743410
307119034
2900775857
2915758662
2915757222
2915807329
64802289
2915789450
1923906390
2915786306
2915782964
2915781200
186715605
2915734602
2567342816
2915769140
2915770118
2915731830
2915785375
2899041509
2899463277
2873670438
2915778601
411616045
2830385343
355540888
2915753455
2900694053
2915730020
2584558825
824086488
2915705106
2789968278
1544737010
2915698020
2508206990
2910986754
308850529
114741100
157978916
2915688126
2915718578
407816716
2915742469
942606427
2915733055
2908047258
2915733889
2915670522
2880114940
2915717503
2915676770
2915694644
2915690342
2900577687
2915683771
2900576025
2915685428
2915649348
2900594249
2915585148
1148068519
17692899
2900606812
2900551275
1190944339
2897130683
2900576825
2914800817
2900555602
2900564261
2915542128
2896284867
2888313098
2915648126
2887890451
2915663785
2897317870
2915644412
150990455
2915593183
2915643607
162643888
2915562476
2915577762
44371956
843171254
120514232
2241989833
111809372
2915625433
2915605526
2915622001
2915601788
2915601824
2900487029
2915609071
2862900012
2915591935
2900476139
2915593039
2900463227
2893274549
2915576665
2915517390
19777421
2900401767
2221909788
82281742
2915505576
2901944672
2614117642
2915524586
2899544693
2900405909
2891079673
2914574994
2462798090
25930122
2890661176
2915444814
2900342481
2915481781
389559278
2915488375
2915467142
2899233573
48393677
2915469895
57327977
2915456083
2915445344
2915460961
2896749272
2900302305
258990051
2915433032
2829544507
2915426276
2900258639
1523457931
2914975855
1640499470
2915402269
881546964
400790183
80509587
2915368723
582101372
2900264603
2231108696
141882979
261416915
892516771
2900280064
2915312334
2909213779
159529578
2915298030
2914998386
2915355265
250979882
2284783978
2900220647
1330426926
2649220538
2915277420
2846108821
44665138
2915001457
376111775
2915325115
2606818669
2763083529
2915306504
2915321743
2900187431
97788081
1473552716
2900169683
160000741
2914843140
2286085573
2900186026
2915217702
2898681743
2761426353
2915202396
610509666
2892863196
354823839
17667045
2816233933
2897670609
2428744871
2895384948
2856089854
54329425
120133109
1853128651
15484430
809555395
562530997
985652377
57965308
2810218451
2915149220
2899963895
118485883
2894911337
2288334625
16330959
2899934499
490911155
2915098896
2784844602
427644703
2899953419
2876364570
2915076576
2915102738
2915080158
2915078118
2915076456
791018640
2895814715
585431684
2899902394
2915119951
2899827861
2915113213
2915092999
2478642691
2328091472
2734588287
2915099479
1186498296
2915078186
434425634
1211080410
2898307258
2807882155
2915088073
2899729671
2484482072
397394322
418720192
1481988366
2915080975
2915016906
18577677
2915072581
2899712229
2915073523
2897506855
2899697817
2915014332
2915057371
444957716
2899734460
2899603575
2912789640
2899668471
2899643439
2914998096
2814327560
2883380410
2237320435
2888457543
2915028386
2914990914
405732003
532377557
14819432
2915023718
2915023760
249832123
2735816706
2899626659
1547943294
2915023759
2914971252
2914930644
2914925238
2871109803
2915021659
2915018659
2554210249
2719391972
2914554643
2871309977
2915016157
30818460
2893632315
2899324433
2726464971
2914989415
2899907713
1957013030
2781831372
2914976696
2272647944
2915003233
2914958252
2915000437
2914286136
284448756
1020427729
16052860
370995868
65609695
2914932078
2855115059
2914921758
2914978459
2914713032
2914320162
2914974667
2914959260
2914952287
2194121208
42581273
2914957099
121281236
1391853745
2914893312
634586654
2883673459
14486541
2914886730
2914939321
1262220835
2914916089
2664615062
1435471051
2914927681
2914865136
2914904600
2914861572
49403205
2914914847
2914849358
2914894718
592269748
2914904959
194967603
2914899571
2914882754
2914840788
2914872398
2914888693
2914869338
2914877779
2914879471
2899277889
2879558048
2914814148
2914808886
2914805160
1552616467
2899285121
134696680
2914841396
2914840886
2914801032
2914853629
383126570
2914827722
2914791858
2914789278
2914823714
2914841713
2914818092
2914776546
1894585338
2899276816
2894301255
1534837273
425007746
2899207811
2913955932
2914802629
2899234576
2914743726
2914743930
2899190339
2899197419
2914770679
2914780951
2369218579
396144349
2914779469
2914769755
21096532
29971833
2899184266
2849792290
2839969489
2914705472
2895313894
2382683640
596683796
2914756825
2914753357
2914694910
2854770313
2914732604
2899122395
2897118393
2914741021
2897700760
2899091865
352264574
2899084887
2914669884
464060078
44730851
2899089335
2914689512
2914678928
103098521
2914641672
2914694869
2914689997
2914687027
2678329894
2899020873
2914662218
2899043021
2914616100
2914651448
2914613100
2899059352
2914665841
2445142302
725888022
2914627670
48632497
2914575240
418084574
2914632949
2892982744
2898982079
2914618465
2914549680
2914604443
2914542306
2219770052
581752686
2914593949
2914587565
2914530054
2914576561
2839294662
2232261369
874240099
2914515234
2914552406
2914551980
2914548740
2898855909
2905465105
2898907199
2914493454
2914548997
2914527266
2898352919
1613523708
2898885376
2914468998
2914522351
1890712165
2914521439
2914458162
2914514887
257120722
2914454904
2914443060
2914504447
501507643
2898829281
2269530681
2914439388
2914493833
2914455764
2914423602
2914460954
2914416978
28199470
2914449578
2914408902
2914447268
338858743
2914401162
539625322
2914434692
2914392102
2914387986
249954113
2576094168
2914383282
2663771686
1069055580
2914430299
271744704
189979900
569877238
35916814
2914399904
2911392259
2898588076
2914401175
2898704393
298980687
2914376564
2914387219
2914366844
2914364870
2914359116
2888460982
2913526368
1608198750
17411453
2914348940
2914362175
2914345238
2914362577
2914342682
169194976
74786814
2914333880
2914350817
2914329986
1679751716
59458308
2898673649
196482525
2700965479
2914323805
2893472633
2769291380
2914300496
2914316455
2914312747
2914311193
15182223
2914250988
2914280642
2914270993
2913206359
1142085085
2914224300
2848438690
196898921
241599362
2853668348
2895223501
339070429
2897389659
2465240894
741318415
2465225227
1409379901
2523656006
44936409
2773375343
2854817960
67750158
2914205623
45108990
263283260
2202385778
2808832164
234919931
2859080237
2895109223
2914190635
2914132500
2911383908
2884612539
2750772617
2914182619
390555976
2914182757
2898319767
1162637089
2914123862
2910423566
85035411
143491049
17755495
171182826
2914106760
2898267647
2914154995
2739709097
40448052
2914092822
2914121996
120631100
2914102328
2914080972
2914077222
2914111742
2914133725
542918338
1047440546
2743150468
2914066236
2890859663
2186385189
248433158
2914058958
2914097660
2912540352
2914052796
2914091954
597327503
2914051758
20771086
2914102705
2914045104
2797941294
2914082642
1094009750
28636539
2914073894
324567177
2914064210
222520103
2914081171
2914011696
2914014132
2914018746
2914019442
954126540
2897902197
2914073035
2914017432
2897958718
2855787422
2888284811
2897914589
2914067011
2873043771
2851696916
2914061437
1035300907
417139887
2914043414
2897866019
2891571047
2913999750
2914051315
2914049953
2897842444
536325547
2871736751
2914042675
372208615
2897844712
2913981540
2367575502
16442083
2913974010
2914029289
56285800
2914025293
2897721147
2913938226
1131506228
2897747861
2913990560
2851610561
2897740421
1851833401
588576504
2913981848
1915235287
2897696199
2914002253
953587080
2911910448
2913935274
232880002
1192018956
418027296
2897181924
2913984373
2312494016
2913977287
2913957602
2823438861
2913970063
2897657369
2913908166
2913907812
2912963066
2897639195
2913952753
2913951259
2913900818
1583886240
2913912278
151510488
2913870858
2913877776
2913909242
2799964679
2865286331
2913921319
2913902414
2179993377
2913856704
2897539533
2726435797
2913890936
873694178
2912888359
2913883694
2897552027
2913870590
2913889459
2913889147
789658526
2913866684
148398738
2913878857
2503525936
160744593
1093995812
2913871957
2854724936
2913850292
2910275144
2897460903
2912552204
2913790068
2913825920
2913836911
2861820260
2913762276
2913802022
467908211
2578583112
577379433
2913785060
2897445328
2897444782
2537714625
2913782270
1239673874
75242123
2884592426
804274032
2897414464
2912286104
82450488
2913757033
2790017849
2912915239
18011129
2913734072
282454634
1023763664
42973291
2913742555
115153209
222895338
2913675666
2894041457
2399288256
2913704822
2864436496
2913714517
2913685604
2897288110
2913678992
2913679076
2913616146
2837258478
2913690109
2653337377
2913688273
214647340
2913623250
2913653030
1732700700
2851384546
1833335827
771395833
2913081229
2913606270
314543190
2912132839
2913636151
2439781493
1428741128
2913568428
2913617467
2913614107
2913612997
2913579632
2913578528
2895311663
2897183044
2913580861
532772830
2913582373
2888801092
1048563378
2913516774
2559074966
2561734357
2897118857
2913494634
2913492030
47462741
2913520766
2913479424
2913472440
2913525985
2913523765
550873084
2870138345
2913461304
2311280470
2905338805
107720771
2674753466
2913500755
2913442188
2913043778
2690730864
2913471434
2206276208
2877314119
2911530942
702566462
2913411302
2913394104
2897021111
2442300185
1391351834
37616603
2896981949
2878681808
2913367932
2405348878
2913405638
954026244
2913402296
2913398816
2913356046
263723514
2896643284
2913344382
2913376286
2913238093
1336807165
2847770241
2913362233
1434468151
2534007182
2235135403
2913316466
479525910
2896063907
210083889
2913259212
2502921174
2895388323
2896798149
2896824857
2913225055
2913255716
2911590883
407212192
429544644
2474850949
15138829
1603867772
2913178620
69625233
189862209
2913153522
2844249785
2911188872
2896611353
242794812
2913123054
2913125676
2913118980
43285811
2489959760
2913106422
2780626684
2886318447
2913152479
2913099894
2913134282
2896295871
2880223297
2812273631
2913148639
2905523497
2913146905
294803280
1038324403
351146934
1140805086
2896504215
2913106556
2913074904
2913113366
1604799680
220081322
2904005353
2264527147
2913118891
1350504332
2913093662
2913110809
2913091916
29134421
632623660
2896488460
2913044610
2896344923
2913095149
2908482858
2910118507
2913078452
2913034362
70857910
2913037260
2912971356
2650796399
2913086455
27543965
2913080317
2913076819
420497221
2913062396
2913059606
2913019398
2892520545
2913074581
2913015984
2913072031
992998369
2896310565
2913061633
2913045926
2913005688
2476709374
2913061207
2913055057
2896343710
2849179787
2913052285
2912991990
2886077016
454123744
374908900
32365445
1261830626
2912971818
2912979954
2394162687
2667109232
2912975370
886943270
2913014306
2896232637
2231330071
2896294798
371170747
920048630
2913022477
2896143088
2913021991
2564360837
2912961222
2721092413
2913012889
592403289
2896195929
1511619535
2896251046
2892614181
381158818
2912942646
2912993821
2912977430
2912976260
2912994001
2912930418
208282174
2912926014
246411573
2912924022
2912961368
2912921526
2912978395
2912976145
2912952092
2202956077
2912962447
2912969809
2896124295
2912911608
2896117815
291316825
36014041
1978116853
2568417241
2912932460
369769910
2912915540
2912924540
2912882046
2910942492
2912874474
2912875206
2912873346
2352792564
2787045658
1375361005
2896114456
2912917519
2520010810
1017871236
2912896555
235572997
2912898691
2912835996
2475921217
2912887273
2577008204
2912813616
2912880421
2892107152
2617923164
2912857664
2912848766
18531127
2892501771
2912858551
31436344
2508465030
2912839651
2912784888
2912823902
44519984
750844357
2912835649
2896006810
1399883934
925698984
2363570276
2912810593
2912808493
2912744304
2202800163
2912743560
2912782009
2912798479
2912778542
2912770946
2912749039
2372888671
2912759335
2912701530
2893243517
2912742032
2912735420
2895886979
2912688534
2912726108
2912717024
197081144
2912712098
706010729
2912678046
2912675736
2912714108
2895832569
2865603940
2912716555
2912713345
2895866416
2912697565
2912678690
2912689975
2912691877
2351800740
1578205711
2912684689
2912665442
2912104020
1590407443
2443675111
2912677651
466182164
2441849466
2912647160
2912128652
495798684
2912643956
2912602944
2912600520
2867720887
2894321937
2912633324
2895781787
700542882
2769411250
2912638561
97436427
2912120178
2912159958
2889501583
2894549027
2912607121
110196349
84806538
2819950189
2906394306
2895733697
2885381266
236096264
2912529900
2912566130
2912579497
2573876365
2912516910
732118770
2895739024
138332116
2903755478
1726326570
17061821
2909924233
2912519774
2912473854
2170674723
2912466372
921220657
2895631143
2907515286
2912508361
1637262463
2912481878
129828582
2912422836
2912461280
2912421552
499140786
2912417352
2912116910
211990186
1439046240
1439825881
200229211
319603011
2895601306
486940784
546185742
2350873658
1678727437
2907921740
35783959
33055957
2460039435
19900401
2912363022
493374753
2873546445
124554860
521578179
110567206
2912398111
2895533681
1253422220
2912371064
1858956745
2567982131
1082138605
402966656
2912370079
2912310306
2895459771
318925074
346377442
508744908
553947874
529472172
487206229
2891280664
274263514
754185648
2334774223
2895272481
1035921037
189672782
2362487865
36707431
2297562210
29719549
2393477486
2895406827
2455457917
2304121382
2912316037
2912307979
2376546613
2895401422
18820657
1959885517
2891704814
2514187242
40411289
330748040
2912271608
2895049945
56731537
2912221548
2480418946
2912225082
2895377044
2591301199
2895311091
2848979054
339941574
2912210232
2912263093
132978609
19546534
97001930
107838943
2912199804
217491826
2911962540
2895268493
76106122
274472755
2883935494
2890925775
2912181792
2912176530
2911907005
59176083
2491415587
2912226979
1612947535
2912208002
216898787
2747061320
2291337475
36604806
2895164049
2889667617
245872966
2908463420
2912195132
190844006
263188233
2912152374
196017952
2912190974
2895011609
374103818
2756571177
2912146368
394240595
2912176406
2912178428
2911914985
2895126832
2912193343
2459513188
2912191591
2912173364
2912132934
1409345274
2912171732
2836919192
2912169176
51996672
2912126280
2912127984
2912166806
2895075503
2912155460
78566061
2912162042
184687007
2894712213
2912175805
2912119728
279129966
2779188494
2912175043
2912173657
2912154662
2912153000
2912168731
2912167771
2912151428
317606559
2912168485
2912109708
2912108268
2911262149
910079065
2367724633
2363325966
995252444
2434595148
94873192
1188516204
2911491060
2912140327
97623646
309226310
37999664
2864191971
261402212
16454236
50405049
1463659058
375023141
2912089002
2895004360
2912145259
2912127164
2474018496
2912085186
1006435484
1022872734
2857079333
198177442
2874556775
255204252
2897350686
2912113736
2891614949
458890551
635506303
19495153
2912111084
1054204926
2912122909
2897554800
2912064672
2569208001
951371569
2806024920
2894870355
232968299
458720496
551894036
2892595601
2893570131
2912093642
2894917198
2912048130
2912106787
2815992512
2415379117
216545795
2912048430
235722593
930036372
2164600536
491008595
2912076350
2912041278
248938787
2894878936
1652082955
2912088991
2912067230
2907333708
1700446969
2912063294
2894710179
849613454
2894853220
2912018466
2911096422
2912079475
479018757
2263632120
25580745
2546445933
18276859
2468630688
2912072131
284345809
2912012946
2389658593
2894811574
2387010087
2894339157
2344882167
1634339378
902822257
1569312324
2912044898
2912061241
2887815424
1618873310
2911990518
2894757603
2912036636
2911995684
2911994538
601944818
2912032118
2912047165
2892931610
2911986018
2908185637
2912033269
2251377414
2911595052
2912014381
2722307006
2911997090
2911956462
46933541
2911999951
2911958834
2911952882
2837079565
20924702
2911036980
2355388768
120256390
1697925451
2911973642
2182415160
2911974674
2213309410
2911918080
2888645595
2911924044
2877561648
2894670071
2911915554
2592710973
51479065
64397499
2911944734
2901840302
2789404849
2911950253
111608122
391197005
2911926356
2909398777
2894661142
2904309528
2911941505
2907667730
2911914092
2894641198
2782455917
290954960
2911919455
2911855470
2911897256
198640536
2894624734
2451886753
2749571139
2894591177
2911722032
122127254
2888197757
574508330
2911901275
2911874558
2911871606
2911863908
2894488912
402437449
55999144
2911848278
2894534759
2227074306
2911801662
23337887
2911800924
2911835384
2911830589
2857153412
2911742766
2182245632
2911819171
2911760532
2909001444
2911794842
2779501252
1123592893
2911806649
2911731708
2911784941
2911778017
113952141
2911714248
105126429
2911706634
2911749446
2692604376
2911729214
1629869562
2894432092
564189292
2350532190
2894363151
2894423470
451324442
2911720387
2911701434
2894380403
98481233
2911687346
2911682102
2911698475
423875079
2791463750
2588599585
61543334
2911604388
2867191511
2911597950
2911591278
2874961666
2854328031
2470154287
1019449148
2911626896
487657769
2911641295
2875231114
2911609712
2894293091
1708808545
709370174
1911098132
2874197410
2894235363
1597705573
199613666
2911587739
1289785764
2891771668
27808462
164020798
2911532792
2911501812
2911508012
2894184927
2911517372
2339631847
190133705
2188435815
2911532203
91142157
2911460064
391029839
2894174963
2911411008
2911473260
43374700
2903916403
2180263845
1950841484
325374395
45526910
347930908
2892951975
2848535896
2910339410
2911453075
2860067255
2894115784
2909389778
2911435777
2911411286
2911381362
1431031280
2911378122
2881301766
2157343075
2878538431
160413761
2911413631
65983226
2893932309
403992815
128964151
2907364459
2457144452
911795922
2893973104
1490653656
2911358690
2885731959
2911367929
2911345418
2893909061
1723663964
420015009
35129719
272004305
2893914605
32361578
2208383131
2911271814
2600514121
2911299698
16913533
2911302343
2911299715
2911246267
2893925830
2911255766
973881422
2893554939
1901493907
2911264165
369553654
2911202520
2813988409
471586710
2911217276
2909837947
2880155735
2910350646
1566396066
2886961661
16219459
2893619368
1001814595
263196028
2910295129
2313418785
2911173612
30586608
2877340138
2911166214
148497634
2893830839
2911221415
2911217125
127905340
265634501
175191433
2911216261
2911217179
2700113053
2355758556
2911108062
2911191626
2911191398
2911162478
2893818202
153361533
2893786601
1462649754
328856432
2893787656
296933709
122520265
2911185878
28367438
2893697283
2893743191
2911117776
38052